6 7 9 14 14 14 14 14 6 7 6 7 14 6 3
15 15 15 7 14 14 14 6 15 15 15 15 7 5 15
8 5 10 11 14 14 2 15 8 5 15 15 8 6 15
7 14 5 7 6 7 14 11 2 7 5 15 7 5 15
8 14 14 5 15 15 7 14 6 8 14 5 8 14 12
4 14 9 14 5 15 15 0 8 14 14 14 9 6 15
7 6 10 6 4 11 5 7 6 7 14 6 15 1 15
15 8 5 1 7 6 7 5 15 8 6 15 15 7 5
8 14 6 7 5 15 15 0 10 2 15 8 5 15 3
7 14 5 15 4 11 5 3 15 7 11 14 6 1 1
8 14 14 12 7 6 7 5 15 8 14 6 8 6 3
3 7 14 5 15 15 8 14 5 7 2 15 3 15 15
15 8 14 14 12 8 14 6 7 5 7 5 15 8 5
15 7 6 4 5 7 14 5 15 7 5 7 12 7 6
8 5 8 14 14 11 14 14 5 8 14 5 8 5 8